"COUNTYNAME","TOWNNAME","Votes_Total","TPP","DPP","KMT"
"南投縣","中寮鄉",8392,0.234151572926597,0.393231649189704,0.372616777883699
"南投縣","仁愛鄉",7668,0.248174230568597,0.131585811163276,0.620239958268127
"南投縣","信義鄉",8039,0.249284736907576,0.251026247045652,0.499689016046772
"南投縣","南投市",59468,0.270363893186251,0.351079572206901,0.378556534606847
"南投縣","名間鄉",22442,0.251626414758043,0.44176098386953,0.306612601372427
"南投縣","國姓鄉",10049,0.237038511294656,0.339038710319435,0.423922778385909
"南投縣","埔里鎮",45313,0.263279853463686,0.337761790214729,0.398958356321585
"南投縣","水里鄉",9556,0.227605692758476,0.372331519464211,0.400062787777313
"南投縣","竹山鎮",31331,0.249241964827168,0.403147042864894,0.347610992307938
"南投縣","草屯鎮",59939,0.285690451959492,0.364003403460185,0.350306144580323
"南投縣","集集鎮",6212,0.253058596265293,0.365743721828719,0.381197681905988
"南投縣","魚池鄉",8552,0.235968194574369,0.383536014967259,0.380495790458372
"南投縣","鹿谷鄉",10335,0.217416545718433,0.376294146105467,0.406289308176101
"嘉義市","東區",70963,0.246424192889252,0.421360427264913,0.332215379845835
"嘉義市","西區",86693,0.259109732042956,0.441765771169529,0.299124496787515
"嘉義縣","中埔鄉",25760,0.245496894409938,0.454580745341615,0.299922360248447
"嘉義縣","六腳鄉",12789,0.183673469387755,0.545155993431856,0.271170537180389
"嘉義縣","大埔鄉",2108,0.216793168880455,0.428368121442125,0.354838709677419
"嘉義縣","大林鎮",18304,0.236232517482517,0.462685751748252,0.301081730769231
"嘉義縣","太保市",22852,0.272011202520567,0.459653422019955,0.268335375459478
"嘉義縣","布袋鎮",14514,0.199531486840292,0.492076615681411,0.308391897478297
"嘉義縣","新港鄉",18432,0.225694444444444,0.54345703125,0.230848524305556
"嘉義縣","朴子市",24073,0.216009637353051,0.470153283761891,0.313837078885058
"嘉義縣","東石鄉",13169,0.178069709165464,0.495785556989901,0.326144733844635
"嘉義縣","梅山鄉",10952,0.217403214024836,0.454163623082542,0.328433162892622
"嘉義縣","民雄鄉",43034,0.264767393223962,0.458056420504717,0.27717618627132
"嘉義縣","水上鄉",29855,0.244381175682465,0.466153073187071,0.289465751130464
"嘉義縣","溪口鄉",8170,0.213708690330477,0.543084455324357,0.243206854345165
"嘉義縣","番路鄉",6622,0.230141951072184,0.42600422832981,0.343853820598007
"嘉義縣","竹崎鄉",20219,0.227014194569464,0.468420792324052,0.304565013106484
"嘉義縣","義竹鄉",10204,0.178655429243434,0.524990199921599,0.296354370834967
"嘉義縣","阿里山鄉",2805,0.222459893048128,0.224955436720143,0.552584670231729
"嘉義縣","鹿草鄉",8672,0.199838560885609,0.533440959409594,0.266720479704797
"基隆市","七堵區",31763,0.271762742813966,0.363756572112206,0.364480685073828
"基隆市","中山區",27665,0.265895535875655,0.355539490330743,0.378564973793602
"基隆市","中正區",29943,0.267241091407007,0.342016498012891,0.390742410580102
"基隆市","仁愛區",23965,0.239724598372627,0.386647193824327,0.373628207803046
"基隆市","信義區",33103,0.271606803008791,0.31664803794218,0.411745159049029
"基隆市","安樂區",49053,0.262695451858194,0.347114345707704,0.390190202434102
"基隆市","暖暖區",23289,0.282665636137232,0.32946884795397,0.387865515908798
"宜蘭縣","三星鄉",12895,0.229236138037999,0.504071345482745,0.266692516479256
"宜蘭縣","五結鄉",25129,0.271837319431732,0.483823470890207,0.244339209678061
"宜蘭縣","冬山鄉",32586,0.267783710796047,0.49622537285951,0.235990916344442
"宜蘭縣","南澳鄉",2944,0.236413043478261,0.0920516304347826,0.671535326086957
"宜蘭縣","員山鄉",19795,0.26087395807022,0.481030563273554,0.258095478656226
"宜蘭縣","壯圍鄉",14858,0.258850450935523,0.478597388612195,0.262552160452282
"宜蘭縣","大同鄉",3233,0.249613362202289,0.151252706464584,0.599133931333127
"宜蘭縣","宜蘭市",55482,0.271060884611225,0.408186438845031,0.320752676543744
"宜蘭縣","礁溪鄉",21426,0.254970596471577,0.463082236535051,0.281947166993373
"宜蘭縣","羅東鎮",40237,0.26465690782116,0.453214702885404,0.282128389293436
"宜蘭縣","蘇澳鎮",22177,0.247598863687604,0.460973080218244,0.291428056094152
"宜蘭縣","頭城鎮",16367,0.275126779495326,0.382965723712348,0.341907496792326
"屏東縣","三地門鄉",4706,0.232681682957926,0.180407989800255,0.586910327241819
"屏東縣","九如鄉",13602,0.209748566387296,0.574841935009557,0.215409498603147
"屏東縣","佳冬鄉",10842,0.182254196642686,0.549898542704298,0.267847260653016
"屏東縣","來義鄉",4505,0.250610432852386,0.150499445061043,0.59889012208657
"屏東縣","內埔鄉",31671,0.214581162577753,0.499921063433425,0.285497773988823
"屏東縣","南州鄉",6253,0.18870941947865,0.549176395330241,0.262114185191108
"屏東縣","屏東市",116168,0.231294332346257,0.433389573720818,0.335316093932925
"屏東縣","崁頂鄉",8193,0.202611985841572,0.548883192969608,0.24850482118882
"屏東縣","恆春鎮",15015,0.235830835830836,0.423709623709624,0.34045954045954
"屏東縣","新園鄉",20357,0.20022596649801,0.572333840939235,0.227440192562755
"屏東縣","新埤鄉",5715,0.186001749781277,0.510236220472441,0.303762029746282
"屏東縣","春日鄉",2665,0.265290806754221,0.124202626641651,0.610506566604128
"屏東縣","東港鎮",26986,0.218780108204254,0.528829763581116,0.25239012821463
"屏東縣","枋寮鄉",13509,0.198904434080983,0.502923976608187,0.29817158931083
"屏東縣","枋山鄉",2850,0.171578947368421,0.518947368421053,0.309473684210526
"屏東縣","林邊鄉",10286,0.174703480458876,0.558526152051332,0.266770367489792
"屏東縣","泰武鄉",3217,0.266708113148896,0.161019583462854,0.57227230338825
"屏東縣","滿州鄉",3643,0.187208344770793,0.481745813889651,0.331045841339555
"屏東縣","潮州鎮",31751,0.22622909514661,0.473024471670184,0.300746433183207
"屏東縣","牡丹鄉",2577,0.225844004656577,0.176561893674816,0.597594101668607
"屏東縣","獅子鄉",2772,0.233766233766234,0.125901875901876,0.64033189033189
"屏東縣","琉球鄉",6296,0.230146124523507,0.353398983481576,0.416454891994917
"屏東縣","瑪家鄉",4263,0.258268824771288,0.168895144264602,0.57283603096411
"屏東縣","竹田鄉",10317,0.185712901037123,0.540467190074634,0.273819908888243
"屏東縣","萬丹鄉",30193,0.221938860000662,0.519491272811579,0.258569867187759
"屏東縣","萬巒鄉",11660,0.191423670668954,0.557632933104631,0.250943396226415
"屏東縣","車城鄉",4469,0.190646677108973,0.505258447079884,0.304094875811143
"屏東縣","里港鄉",15652,0.225721952466139,0.534628162535139,0.239649884998722
"屏東縣","長治鄉",18278,0.225188751504541,0.475763212605318,0.299048035890141
"屏東縣","霧臺鄉",2198,0.205641492265696,0.207916287534122,0.586442220200182
"屏東縣","高樹鄉",13804,0.166256157635468,0.59026369168357,0.243480150680962
"屏東縣","鹽埔鄉",14392,0.224082823790995,0.457684824902724,0.318232351306281
"屏東縣","麟洛鄉",7122,0.193906206121876,0.537068239258635,0.269025554619489
"彰化縣","二林鎮",27545,0.26316935923035,0.359847522236341,0.376983118533309
"彰化縣","二水鄉",8802,0.225630538513974,0.425017041581459,0.349352419904567
"彰化縣","伸港鄉",22377,0.333109889618805,0.3401707109979,0.326719399383295
"彰化縣","北斗鎮",19680,0.281656504065041,0.388313008130081,0.330030487804878
"彰化縣","和美鎮",53383,0.314388475731975,0.363861154300058,0.321750369967967
"彰化縣","員林市",72970,0.288461011374538,0.373797451007263,0.337741537618199
"彰化縣","埔心鄉",21044,0.295523664702528,0.396312488120129,0.308163847177343
"彰化縣","埔鹽鄉",19117,0.283412669351886,0.332897421143485,0.383689909504629
"彰化縣","埤頭鄉",16811,0.282374635655226,0.38998274939028,0.327642614954494
"彰化縣","大城鄉",7943,0.236434596500063,0.377816945738386,0.385748457761551
"彰化縣","大村鄉",24252,0.313829787234043,0.372134256968497,0.31403595579746
"彰化縣","彰化市",136802,0.295646262481543,0.370301603777723,0.334052133740735
"彰化縣","永靖鄉",21634,0.281593787556624,0.392206711657576,0.3261995007858
"彰化縣","溪州鄉",16951,0.256445047489824,0.452775647454427,0.290779305055749
"彰化縣","溪湖鎮",31324,0.296577703996935,0.362629293832205,0.340793002170859
"彰化縣","田中鎮",23885,0.271760519154281,0.380992254553067,0.347247226292652
"彰化縣","田尾鄉",15896,0.283970810266734,0.391922496225466,0.324106693507801
"彰化縣","社頭鄉",25284,0.286426198386331,0.404168644201867,0.309405157411802
"彰化縣","福興鄉",26812,0.288825898851261,0.415038042667462,0.296136058481277
"彰化縣","秀水鄉",23320,0.30278730703259,0.380102915951973,0.317109777015437
"彰化縣","竹塘鄉",7992,0.245870870870871,0.444319319319319,0.30980980980981
"彰化縣","線西鄉",9771,0.334356770033773,0.309794289223212,0.355848940743015
"彰化縣","芬園鄉",13731,0.275507974655888,0.414754934090744,0.309737091253368
"彰化縣","花壇鄉",27243,0.302352897992145,0.350732298205043,0.346914803802812
"彰化縣","芳苑鄉",17307,0.240365170162362,0.433235107182065,0.326399722655573
"彰化縣","鹿港鎮",49492,0.285682534551039,0.415764163905278,0.298553301543684
"新北市","三峽區",66541,0.275228806299875,0.383057062562931,0.341714131137194
"新北市","三芝區",13168,0.234887606318348,0.370291616038882,0.39482077764277
"新北市","三重區",237583,0.264316049549,0.442443272456363,0.293240677994638
"新北市","中和區",258668,0.252470348090989,0.338174803222664,0.409354848686347
"新北市","五股區",55126,0.288466422377825,0.408446105286072,0.303087472336103
"新北市","八里區",24917,0.266444596058916,0.389854316330216,0.343701087610868
"新北市","土城區",146118,0.277946591111294,0.391108556098496,0.330944852790211
"新北市","坪林區",3990,0.171929824561404,0.508521303258145,0.319548872180451
"新北市","平溪區",2525,0.152475247524752,0.445544554455446,0.401980198019802
"新北市","新店區",191577,0.23566503285885,0.305114914629627,0.459220052511523
"新北市","新莊區",253483,0.281967627020352,0.416422403080285,0.301609969899362
"新北市","板橋區",339481,0.256523929174239,0.411940579885178,0.331535490940583
"新北市","林口區",74429,0.284794905211678,0.362184094909242,0.353020999879079
"新北市","樹林區",107446,0.277450998641178,0.406083055674478,0.316465945684344
"新北市","永和區",133094,0.234473379716591,0.319157888409695,0.446368731873713
"新北市","汐止區",129419,0.262588955253865,0.360101685223962,0.377309359522172
"新北市","泰山區",46291,0.279860015985829,0.397291050096131,0.32284893391804
"新北市","淡水區",116232,0.260023057333609,0.362826071993943,0.377150870672448
"新北市","深坑區",14742,0.243386243386243,0.377832044498711,0.378781712115045
"新北市","烏來區",3505,0.245078459343795,0.297289586305278,0.457631954350927
"新北市","瑞芳區",21719,0.246466227726875,0.358764215663705,0.39476955660942
"新北市","石碇區",4487,0.18809895252953,0.482282148428794,0.329618899041676
"新北市","石門區",6473,0.231886296925691,0.378804263865287,0.389309439209022
"新北市","萬里區",12175,0.194168377823409,0.471375770020534,0.334455852156057
"新北市","蘆洲區",119532,0.284266974534016,0.439472275206639,0.276260750259345
"新北市","貢寮區",6285,0.168178202068417,0.540334128878282,0.291487669053302
"新北市","金山區",12230,0.223793949304988,0.456909239574816,0.319296811120196
"新北市","雙溪區",4709,0.188150350392865,0.408791675514971,0.403057974092164
"新北市","鶯歌區",52535,0.287770058056534,0.400513943085562,0.311715998857904
"新竹市","北區",91900,0.334635473340588,0.358019586507073,0.307344940152339
"新竹市","東區",126753,0.349743201344347,0.32911252593627,0.321144272719383
"新竹市","香山區",47736,0.341461370873136,0.37835176805765,0.280186861069214
"新竹縣","五峰鄉",2352,0.235544217687075,0.167517006802721,0.596938775510204
"新竹縣","北埔鄉",5357,0.299421317901811,0.235766287100989,0.4648123949972
"新竹縣","寶山鄉",9332,0.325975139305615,0.275396485212173,0.398628375482212
"新竹縣","尖石鄉",4343,0.285516923785402,0.172691687773428,0.54179138844117
"新竹縣","峨眉鄉",3385,0.247562776957164,0.30192023633678,0.450516986706056
"新竹縣","新埔鎮",20986,0.326122176689221,0.300057180977795,0.373820642332984
"新竹縣","新豐鄉",33634,0.372777546530297,0.276149134804067,0.351073318665636
"新竹縣","橫山鄉",7563,0.286923178632818,0.232050773502578,0.481026047864604
"新竹縣","湖口鄉",47610,0.361667716866205,0.24975845410628,0.388573829027515
"新竹縣","竹北市",119889,0.383312897763765,0.309903327244368,0.306783774991867
"新竹縣","竹東鎮",56440,0.356254429482636,0.230297661233168,0.413447909284196
"新竹縣","芎林鄉",12889,0.333229885949259,0.25098921561021,0.415780898440531
"新竹縣","關西鎮",16530,0.277011494252874,0.283847549909256,0.439140955837871
"桃園市","中壢區",254621,0.309302846191005,0.325707620345533,0.364989533463461
"桃園市","八德區",123720,0.306660200452635,0.342903330100226,0.350436469447139
"桃園市","大園區",49386,0.306868343255174,0.406005750617584,0.287125906127243
"桃園市","大溪區",55288,0.274254811170598,0.402058312834611,0.323686875994791
"桃園市","平鎮區",135944,0.31561525333961,0.331151062202083,0.353233684458306
"桃園市","復興區",6322,0.263524201202151,0.226826953495729,0.50964884530212
"桃園市","新屋區",30143,0.282619513651594,0.406993331785157,0.310387154563249
"桃園市","桃園區",273373,0.299202920551774,0.3660968713077,0.334700208140526
"桃園市","楊梅區",103814,0.328433544608627,0.31548731384977,0.356079141541603
"桃園市","蘆竹區",97079,0.30003399293359,0.399262456349983,0.300703550716427
"桃園市","觀音區",42060,0.315145030908226,0.411816452686638,0.273038516405136
"桃園市","龍潭區",74646,0.302936527074458,0.307397583259652,0.38966588966589
"桃園市","龜山區",104396,0.311688187286869,0.366153875627419,0.322157937085712
"澎湖縣","七美鄉",1085,0.224884792626728,0.35852534562212,0.416589861751152
"澎湖縣","望安鄉",1512,0.183201058201058,0.505291005291005,0.311507936507937
"澎湖縣","湖西鄉",7816,0.25,0.438587512794268,0.311412487205732
"澎湖縣","白沙鄉",4076,0.201422963689892,0.398429833169774,0.400147203140334
"澎湖縣","西嶼鄉",3542,0.209768492377188,0.428853754940711,0.3613777526821
"澎湖縣","馬公市",31246,0.261249439928311,0.361614286628688,0.377136273443001
"臺中市","中區",9446,0.24211306373068,0.425788693626932,0.332098242642388
"臺中市","北區",87743,0.278107655311535,0.371231893142473,0.350660451545992
"臺中市","北屯區",181508,0.307137977389426,0.354750203847764,0.338111818762809
"臺中市","南區",78438,0.304291287386216,0.375812743823147,0.319895968790637
"臺中市","南屯區",107666,0.300512696673044,0.374500770902606,0.324986532424349
"臺中市","后里區",32523,0.305783599298958,0.35854625957015,0.335670141130892
"臺中市","和平區",6105,0.242260442260442,0.234070434070434,0.523669123669124
"臺中市","外埔區",19147,0.321199143468951,0.336240664333838,0.342560192197211
"臺中市","大安區",11210,0.308831400535236,0.384299732381802,0.306868867082962
"臺中市","大甲區",44237,0.310803173813776,0.378732735040803,0.310464091145421
"臺中市","大肚區",34623,0.294746266932386,0.370793980879762,0.334459752187852
"臺中市","大里區",125596,0.313831650689512,0.38674002356763,0.299428325742858
"臺中市","大雅區",56681,0.314867415888922,0.36132037190593,0.323812212205148
"臺中市","太平區",115192,0.313207514410723,0.373541565386485,0.313250920202792
"臺中市","新社區",14416,0.254786348501665,0.386445615982242,0.358768035516093
"臺中市","東勢區",29589,0.254148501132178,0.344486126601102,0.401365372266721
"臺中市","東區",47747,0.286510147234381,0.403920665172681,0.309569187592938
"臺中市","梧棲區",35360,0.322369909502262,0.382211538461538,0.295418552036199
"臺中市","沙鹿區",58416,0.326211996713229,0.358275130101342,0.315512873185429
"臺中市","清水區",53635,0.301556819241167,0.40482893632889,0.293614244429943
"臺中市","潭子區",66300,0.308129713423831,0.376078431372549,0.31579185520362
"臺中市","烏日區",49125,0.307521628498728,0.380661577608143,0.31181679389313
"臺中市","石岡區",8983,0.257597684515195,0.362128464878103,0.380273850606702
"臺中市","神岡區",39733,0.295547781441119,0.418694787707951,0.28575743085093
"臺中市","西區",68422,0.265791704422554,0.403919791879805,0.330288503697641
"臺中市","西屯區",137799,0.301555163680433,0.360038897234378,0.338405939085189
"臺中市","豐原區",100183,0.286625475380055,0.405837317708593,0.307537206911352
"臺中市","霧峰區",40088,0.282628217920575,0.38592596288166,0.331445819197765
"臺中市","龍井區",47292,0.320413600608982,0.364099636302123,0.315486763088895
"臺北市","中山區",133254,0.226837468293635,0.408603118855719,0.364559412850646
"臺北市","中正區",88207,0.241228020451892,0.365005044951081,0.393766934597027
"臺北市","信義區",129842,0.232066665639778,0.359159593968053,0.408773740392169
"臺北市","內湖區",170717,0.261233503400364,0.359302237035562,0.379464259564074
"臺北市","北投區",148783,0.241795097558189,0.41100797806201,0.347196924379801
"臺北市","南港區",71653,0.265264538819031,0.36449276373634,0.370242697444629
"臺北市","士林區",166048,0.227536615918289,0.432820630179225,0.339642753902486
"臺北市","大同區",74106,0.249439991363722,0.462445685909373,0.288114322726905
"臺北市","大安區",171244,0.209694938216813,0.364281376281797,0.42602368550139
"臺北市","文山區",161064,0.247572393582675,0.31257760890081,0.439849997516515
"臺北市","松山區",117322,0.222379434377184,0.373161043964474,0.404459521658342
"臺北市","萬華區",109771,0.250494210674951,0.395086133860491,0.354419655464558
"臺南市","七股區",12790,0.197028928850665,0.594292415949961,0.208678655199375
"臺南市","下營區",13497,0.211824849966659,0.540045936133956,0.248129213899385
"臺南市","中西區",45495,0.213386086383119,0.516716122650841,0.26989779096604
"臺南市","仁德區",48265,0.241251424427639,0.497689837356262,0.261058738216099
"臺南市","佳里區",35226,0.228041787316187,0.539771759495827,0.232186453187986
"臺南市","六甲區",12516,0.226669862575903,0.549856184084372,0.223473953339725
"臺南市","北區",77629,0.2339976039882,0.474539154182071,0.291463241829729
"臺南市","北門區",5582,0.184700824077392,0.560910068075958,0.25438910784665
"臺南市","南化區",4662,0.187044187044187,0.458386958386958,0.354568854568855
"臺南市","南區",76554,0.216017451733417,0.529168952634742,0.254813595631842
"臺南市","善化區",30250,0.275900826446281,0.513752066115702,0.210347107438017
"臺南市","大內區",5541,0.182999458581483,0.575888828731276,0.241111712687241
"臺南市","學甲區",14716,0.206509921174232,0.579233487360696,0.214256591465072
"臺南市","安南區",118152,0.257134877107455,0.52358825919155,0.219276863700995
"臺南市","安定區",18608,0.243174978503869,0.545894239036973,0.210930782459157
"臺南市","安平區",40985,0.24323532999878,0.479150908869098,0.277613761132121
"臺南市","官田區",12995,0.213928434013082,0.58183916891112,0.204232397075798
"臺南市","將軍區",10731,0.168204268008573,0.62426614481409,0.207529587177337
"臺南市","山上區",4340,0.223963133640553,0.52741935483871,0.248617511520737
"臺南市","左鎮區",2592,0.147762345679012,0.571759259259259,0.280478395061728
"臺南市","後壁區",13235,0.196902153381186,0.562825840574235,0.240272006044579
"臺南市","新化區",26695,0.233938939876381,0.498969844540176,0.267091215583443
"臺南市","新市區",22696,0.266434614028904,0.51810891787099,0.215456468100106
"臺南市","新營區",43731,0.247170199629553,0.455763645926231,0.297066154444216
"臺南市","東區",108974,0.231945234643126,0.454952557490778,0.313102207866096
"臺南市","東山區",10590,0.184985835694051,0.545042492917847,0.269971671388102
"臺南市","柳營區",12415,0.231816351188079,0.535964559001208,0.232219089810713
"臺南市","楠西區",5194,0.193107431651906,0.401617250673854,0.40527531767424
"臺南市","歸仁區",42264,0.236324058300208,0.532249668748817,0.231426272950975
"臺南市","永康區",140346,0.261432459777977,0.471556011571402,0.267011528650621
"臺南市","玉井區",7686,0.209731980223784,0.435727296383034,0.354540723393182
"臺南市","白河區",15176,0.189377965208224,0.567211386399578,0.243410648392198
"臺南市","西港區",15309,0.218498922202626,0.583186360964139,0.198314716833235
"臺南市","關廟區",21297,0.212893834812415,0.545569798563178,0.241536366624407
"臺南市","鹽水區",14167,0.215712571468907,0.556363379685184,0.227924048845909
"臺南市","麻豆區",26982,0.216959454451116,0.595952857460529,0.187087688088355
"臺南市","龍崎區",2355,0.154140127388535,0.527813163481953,0.318046709129512
"臺東縣","卑南鄉",9081,0.223763902653893,0.29996696399075,0.476269133355357
"臺東縣","大武鄉",2707,0.216845216106391,0.225341706686369,0.55781307720724
"臺東縣","太麻里鄉",5603,0.200428341959664,0.283955024094235,0.5156166339461
"臺東縣","延平鄉",1822,0.227222832052689,0.129527991218441,0.643249176728869
"臺東縣","成功鎮",6250,0.1944,0.22896,0.57664
"臺東縣","東河鄉",3854,0.195381421899325,0.258432797093928,0.546185781006746
"臺東縣","池上鄉",3912,0.230572597137014,0.304703476482618,0.464723926380368
"臺東縣","海端鄉",1835,0.223978201634877,0.114986376021798,0.661035422343324
"臺東縣","綠島鄉",1759,0.317794201250711,0.185901080159181,0.496304718590108
"臺東縣","臺東市",56479,0.250252306166894,0.300129251580233,0.449618442252873
"臺東縣","蘭嶼鄉",1519,0.260039499670836,0.243581303489138,0.496379196840026
"臺東縣","達仁鄉",1849,0.203893996755003,0.111952406706328,0.68415359653867
"臺東縣","金峰鄉",2098,0.235462345090562,0.0805529075309819,0.683984747378456
"臺東縣","長濱鄉",3150,0.153015873015873,0.236190476190476,0.610793650793651
"臺東縣","關山鎮",4211,0.221800047494657,0.268107337924483,0.51009261458086
"臺東縣","鹿野鄉",3812,0.204092339979014,0.32607555089192,0.469832109129066
"花蓮縣","光復鄉",6249,0.184349495919347,0.224835973755801,0.590814530324852
"花蓮縣","卓溪鄉",2750,0.228,0.096,0.676
"花蓮縣","吉安鄉",48370,0.258838122803391,0.258259251602233,0.482902625594377
"花蓮縣","壽豐鄉",9700,0.237731958762887,0.271134020618557,0.491134020618557
"花蓮縣","富里鄉",4694,0.19919045590115,0.256497656582872,0.544311887515978
"花蓮縣","新城鄉",11242,0.281800391389432,0.235812133072407,0.48238747553816
"花蓮縣","玉里鎮",10777,0.217314651572794,0.244038229562958,0.538647118864248
"花蓮縣","瑞穗鄉",5652,0.191436659589526,0.23690728945506,0.571656050955414
"花蓮縣","秀林鄉",8550,0.291111111111111,0.147134502923977,0.561754385964912
"花蓮縣","花蓮市",55132,0.256040049336139,0.272437060146557,0.471522890517304
"花蓮縣","萬榮鄉",2991,0.252089602139753,0.117352056168506,0.630558341691742
"花蓮縣","豐濱鄉",2029,0.158206012814194,0.194677180877279,0.647116806308526
"花蓮縣","鳳林鎮",6021,0.205115429330676,0.252117588440458,0.542766982228866
"苗栗縣","三灣鄉",3829,0.244972577696527,0.244450248106555,0.510577174196918
"苗栗縣","三義鄉",9356,0.284416417272339,0.246259085079094,0.469324497648568
"苗栗縣","公館鄉",19077,0.301567332389789,0.25166430780521,0.446768359805001
"苗栗縣","卓蘭鎮",9433,0.236192091593343,0.390225803031909,0.373582105374748
"苗栗縣","南庄鄉",5122,0.241116751269036,0.226669269816478,0.532213978914487
"苗栗縣","大湖鄉",7696,0.233108108108108,0.26260395010395,0.504287941787942
"苗栗縣","後龍鎮",19860,0.281369587109768,0.349345417925478,0.369284994964753
"苗栗縣","泰安鄉",3330,0.214714714714715,0.142042042042042,0.643243243243243
"苗栗縣","獅潭鄉",2608,0.207055214723926,0.247699386503067,0.545245398773006
"苗栗縣","竹南鎮",51240,0.340027322404372,0.320296643247463,0.339676034348166
"苗栗縣","苑裡鎮",26824,0.291008052490307,0.417201014017298,0.291790933492395
"苗栗縣","苗栗市",52251,0.29697039291114,0.231899867945111,0.471129739143748
"苗栗縣","西湖鄉",3976,0.241951710261569,0.223843058350101,0.53420523138833
"苗栗縣","通霄鎮",19138,0.256975650538196,0.403908454383948,0.339115895077856
"苗栗縣","造橋鄉",7143,0.278734425311494,0.27187456250875,0.449391012179756
"苗栗縣","銅鑼鄉",10124,0.265606479652311,0.239035954168313,0.495357566179376
"苗栗縣","頭份市",61331,0.345714239128663,0.238704733332246,0.415581027539091
"苗栗縣","頭屋鄉",6327,0.264896475422791,0.236288920499447,0.498814604077762
"連江縣","北竿鄉",1255,0.261354581673307,0.107569721115538,0.631075697211155
"連江縣","南竿鄉",3654,0.254789272030651,0.10727969348659,0.637931034482759
"連江縣","東引鄉",648,0.361111111111111,0.0972222222222222,0.541666666666667
"連江縣","莒光鄉",602,0.262458471760797,0.0963455149501661,0.641196013289037
"金門縣","烈嶼鄉",3446,0.244631456761463,0.0882182240278584,0.667150319210679
"金門縣","烏坵鄉",116,0.189655172413793,0.120689655172414,0.689655172413793
"金門縣","金城鎮",14143,0.270310400905041,0.100756558014566,0.628933041080393
"金門縣","金寧鄉",11216,0.331936519258203,0.11617332382311,0.551890156918688
"金門縣","金沙鎮",6393,0.244798998905052,0.0768027530111059,0.678398248083842
"金門縣","金湖鎮",10298,0.297339289182366,0.100213633715285,0.60244707710235
"雲林縣","二崙鄉",14547,0.22513232968997,0.541967415962054,0.232900254347976
"雲林縣","元長鄉",13113,0.223671166018455,0.498589186303668,0.277739647677877
"雲林縣","北港鎮",22364,0.241951350384547,0.48976032910034,0.268288320515114
"雲林縣","口湖鄉",13342,0.21803327836906,0.522185579373407,0.259781142257533
"雲林縣","古坑鄉",18010,0.251082731815658,0.454192115491394,0.294725152692948
"雲林縣","四湖鄉",10781,0.217697801688155,0.478341526760041,0.303960671551804
"雲林縣","土庫鎮",16159,0.265177300575531,0.453864719351445,0.280957980073024
"雲林縣","大埤鄉",10904,0.24523110785033,0.47001100513573,0.28475788701394
"雲林縣","崙背鄉",12947,0.245462269251564,0.476172086197575,0.278365644550861
"雲林縣","斗六市",64236,0.282551840089669,0.382667040288935,0.334781119621396
"雲林縣","斗南鎮",26348,0.2604372248368,0.435668741460452,0.303894033702748
"雲林縣","東勢鄉",7741,0.226714894716445,0.469706756233045,0.30357834905051
"雲林縣","林內鄉",10162,0.274257036016532,0.42373548514072,0.302007478842747
"雲林縣","水林鄉",12860,0.197667185069984,0.573716951788491,0.228615863141524
"雲林縣","臺西鄉",11754,0.26220860983495,0.38956950825251,0.34822188191254
"雲林縣","莿桐鄉",16627,0.249112888675047,0.498586636194142,0.252300475130811
"雲林縣","虎尾鎮",41642,0.284376350799673,0.392080111425964,0.323543537774362
"雲林縣","褒忠鄉",7056,0.251984126984127,0.46187641723356,0.286139455782313
"雲林縣","西螺鎮",25594,0.264163475814644,0.494569039618661,0.241267484566695
"雲林縣","麥寮鄉",24432,0.337057956777996,0.35690897184021,0.306033071381794
"高雄市","三民區",200987,0.215267654126884,0.4981665480852,0.286565797787917
"高雄市","仁武區",58040,0.247139903514817,0.499172984148863,0.25368711233632
"高雄市","內門區",7917,0.178224074775799,0.502210433244916,0.319565491979285
"高雄市","六龜區",6082,0.172311739559355,0.488655047681684,0.339033212758961
"高雄市","前金區",17162,0.195606572660529,0.492250320475469,0.312143106864002
"高雄市","前鎮區",110189,0.207715833703909,0.503752643185799,0.288531523110292
"高雄市","大寮區",66645,0.228464250881536,0.504794058068872,0.266741691049591
"高雄市","大樹區",24656,0.198572355613238,0.555037313432836,0.246390330953926
"高雄市","大社區",20755,0.227607805348109,0.536400867260901,0.23599132739099
"高雄市","小港區",89996,0.229587981688075,0.507522556558069,0.262889461753856
"高雄市","岡山區",57450,0.231679721496954,0.467919930374238,0.300400348128808
"高雄市","左營區",115439,0.228155129548939,0.422656121414773,0.349188749036288
"高雄市","彌陀區",11329,0.209992055786036,0.500662017830347,0.289345926383617
"高雄市","新興區",30277,0.190507646067972,0.495656769164712,0.313835584767315
"高雄市","旗山區",20390,0.1951446787641,0.506179499754782,0.298675821481118
"高雄市","旗津區",15223,0.204099060631939,0.571635025947579,0.224265913420482
"高雄市","杉林區",5803,0.160778907461658,0.476822333275892,0.36239875926245
"高雄市","林園區",39389,0.217674985402016,0.548046408895885,0.2342786057021
"高雄市","桃源區",2020,0.244554455445545,0.168316831683168,0.587128712871287
"高雄市","梓官區",21617,0.203358467872508,0.560438543738724,0.236202988388768
"高雄市","楠梓區",111190,0.242548790358845,0.461534310639446,0.295916899001709
"高雄市","橋頭區",26658,0.23111261159877,0.540213069247505,0.228674319153725
"高雄市","永安區",8426,0.233088060764301,0.514360313315927,0.252551625919772
"高雄市","湖內區",17888,0.225793828264758,0.529013864042934,0.245192307692308
"高雄市","燕巢區",17673,0.216092344253947,0.522491936852826,0.261415718893227
"高雄市","田寮區",4084,0.151322233104799,0.592311459353575,0.256366307541626
"高雄市","甲仙區",3015,0.172802653399668,0.429187396351575,0.398009950248756
"高雄市","美濃區",21842,0.183179196044318,0.419238165003205,0.397582638952477
"高雄市","苓雅區",100634,0.199177216447721,0.483603950950971,0.317218832601308
"高雄市","茂林區",1152,0.269097222222222,0.157986111111111,0.572916666666667
"高雄市","茄萣區",17420,0.204420206659013,0.548277841561424,0.247301951779564
"高雄市","路竹區",30322,0.23487896576743,0.499604247740914,0.265516786491656
"高雄市","那瑪夏區",1482,0.190958164642375,0.186909581646424,0.622132253711201
"高雄市","阿蓮區",16350,0.208807339449541,0.557247706422018,0.23394495412844
"高雄市","鳥松區",28340,0.20317572335921,0.506704304869443,0.290119971771348
"高雄市","鳳山區",212717,0.228712326706375,0.465360079354259,0.305927593939365
"高雄市","鹽埕區",14499,0.177460514518243,0.540382095316918,0.282157390164839
"高雄市","鼓山區",81904,0.209855440515726,0.46796249267435,0.322182066809924
